!-ReaxFF-Parameter-From-Machine-Learning-Computational-Materials-Science-172-(2020)-109393
39         ! Number of general parameters 
   50.0000      ! boc1 
    9.4500      ! boc2 
   -6.3738      ! coa2 
    3.0000      ! trip4 
    6.5000      ! trip3 
    0.0000      ! kc2 
    3.9420      ! ovun6 
    9.0000      ! trip2 
   10.9045      ! ovun7 
    2.3330      ! ovun8 
    0.0000      ! trip1 
    0.0000      ! swa 
   10.0000      ! swb 
    0.0000      ! n.u. 
    3.6616      ! val6 
    9.9079      ! lp1 
    0.5000      ! val9 
    3.6000      ! val10 
    0.0000      ! n.u. 
    1.7345      ! pen2 
    0.0136      ! pen3 
    1.0078      ! pen4 
    0.0000      ! n.u. 
    3.2933      ! tor2 
    0.0000      ! tor3 
    0.0004      ! tor4 
    0.0000      ! n.u. 
    0.0000      ! cot2 
    0.8000      ! vdw1 
    0.0100      ! cutoff 
    0.0000      ! coa4 
    0.6738      ! ovun4 
   34.1160      ! ovun3 
    1.8000      ! val8 
    0.0001      ! acut 
    0.0001      ! hbtol 
    0.0000      ! n.u. 
    0.0000      ! n.u. 
   -0.2725      ! coa3 
4 ! Nr of atoms; atomID;rosi; val; mass; rvdw; Devdw; gamma; ropi; vale; 
            alfa; gammaw; valang; ovun5; n.u.; chi; mu; hbond; 
            ropp; lp2; n.u.; boc4; boc3; boc5; n.u.; n.u.; 
            ovun2; val3; n.u.; valboc; val5; n.u.; n.u.; atomic; 
C    1.4469   4.0000  12.0000   2.3400   0.0100   0.8712   1.3266   4.0000
    12.1845   5.0900   2.0203   0.0000   0.0000   5.7254   6.9235   2.0000
     1.3015   0.0000   0.0000   8.9368   0.4621   1.1592   0.0000   0.0000
    -0.8028   2.9633   0.0000   2.0203   1.6825   0.0000   0.0000 156.9396
H    0.6988   1.0000   1.0080   2.0000   0.1578   0.8910   0.5589   1.0000
     7.7837   4.2741   1.0000   0.0000   0.0000   3.8446  10.0839   1.0000
     0.4546   0.0000   0.0000   3.8461   3.2540   1.0000   0.0000   0.0000
    -1.4055   2.0445   0.0000   1.0000   2.2000   0.0000   0.0000  13.4053
N    1.3259   3.0000  14.0000   1.7400   0.3137   0.8922   1.2382   6.2000
    10.5361   7.0250   2.8004   0.0000   0.0000   6.7424   6.2435   2.0000
     1.0344   0.0000   0.0000   1.7889   3.0032   2.7652   0.0000   0.0000
    -1.0540   6.7882   0.0000   2.8004   1.9836   0.0000   0.0000 267.6089
O    1.4084   2.0000  15.9990   2.2000   0.2406   0.8712   1.2684   4.0000
     9.0769   6.9046   1.4878   0.0000   0.0000   8.5000   7.1412   2.0000
     1.0149   0.0000   0.0000   9.2294   1.6620   0.1882   0.0000   0.0000
    -3.5805   1.9893   0.0000   1.4878   2.5000   0.0000   0.0000 430.3238
 10  ! Nr of bonds;Desi; Depi; Depp; be1; bo5; corr13; bo6; ovun1; 
                   be2; bo3; bo4; n.u.; bo1; bo2; ovcorr; n.u.; 
  1  1 306.1490 120.0000  64.1116   0.0107  -0.0280   2.0000   8.7700   0.0000
         0.2896  -0.0619   7.8524   0.0000  -0.0712   8.7700   0.0000   0.0000
  1  2 399.6885  60.0000  60.0000  -0.4525  -0.0670   2.0000   6.7014   0.0000
         0.9000  -0.0314   8.1951   0.0000  -0.0300   8.2626   0.0000   0.0000
  1  3 418.0319 158.5881  70.9892   0.0060  -0.0292   2.0000   8.1116   0.0000
         0.1000  -0.0200   8.4506   0.0000  -0.0607   8.7700   0.0000   0.0000
  1  4 750.0000 114.1224  81.3938  -0.5005  -0.0670   2.0000   8.7700   0.0000
         0.9000  -0.0770   5.9667   0.0000  -0.0770   8.2681   0.0000   0.0000
  2  2 534.6618  60.0000  60.0000  -0.3591  -0.0670   2.0000   5.0000   0.0000
         0.9000  -0.0567   8.7700   0.0000  -0.0770   5.0000   0.0000   0.0000
  2  3 465.1657  60.0000  60.0000  -0.3923  -0.0670   2.0000   8.3697   0.0000
         0.9000  -0.0770   7.8945   0.0000  -0.0527   8.7700   0.0000   0.0000
  2  4 749.2449   0.0000   0.0000  -0.5428  -0.0670   2.0000   8.7626   0.0000
         0.9000  -0.0770   8.7700   0.0000  -0.0200   8.2882   0.0000   0.0000
  3  3 746.2516  77.2208 150.0000   0.1363  -0.0486   2.0000   6.8428   0.0000
         0.1000  -0.0445   8.7700   0.0000  -0.0429   8.5074   0.0000   0.0000
  4  3 547.4784 182.8827  40.0000   0.5261  -0.0670   2.0000   8.7700   0.0000
         0.8345  -0.0711   8.7700   0.0000  -0.0770   8.7700   0.0000   0.0000
  4  4 192.4948 158.1100  40.0000   0.1389  -0.0670   2.0000   6.7246   0.0000
         0.8169  -0.0770   8.7288   0.0000  -0.0770   8.3373   0.0000   0.0000
  6  ! off-diagonal terms;Devdw; rvdw; alfa; rosi; ropi; ropp; 
  1  2   0.5860   1.4375   9.2591   1.1500   1.1500   1.0014
  1  3   0.2539   1.6900   9.4329   1.4100   1.2100   1.2100
  1  4   0.2512   1.9717  11.3389   1.4016   1.1213   0.8970
  2  3   0.1949   1.6000   9.7232   1.1100   1.0910   0.9092
  2  4   0.3596   2.0000   6.8919   0.9360   0.8100   0.8100
  4  3   0.5014   1.7750   9.9324   1.3423   1.2484   1.0973
 25  ! Nr of angles;theta0; val1; val2; coa1; val7; pen1; val4; 
  1  1  1  71.0000  55.3000   2.0000  -0.0000   0.0000   0.0000   2.0000
  1  1  2  71.0000  55.3000   0.6387  -0.0000   0.0000   0.0000   2.0000
  1  1  3  71.0000  55.3000   2.0000  -0.0000   0.0000   0.0000   1.9560
  1  1  4  71.0000   0.0000   0.7380  -0.0000   6.9022   0.0000   0.5883
  1  3  1  72.0000  55.3000   0.6066   0.0000  10.0000   0.0000   0.5637
  1  3  2  72.0000  16.9609   2.0000   0.0000   2.1268   0.0000   1.3034
  1  3  3  72.0000  55.3000   1.2369   0.0000  10.0000   0.0000   1.7232
  1  3  4  62.0000  55.3000   2.0000  -0.0000   2.7411   0.0000   2.0000
  1  4  1  72.0000   3.1716   1.1986   0.0000   6.6703   0.0000   0.5000
  1  4  2  72.0000  29.0000   0.6493   0.0000   9.8890   0.0000   0.5000
  1  4  3  72.0000  53.1707   0.5000  -0.0000   8.5548   0.0000   0.5062
  2  1  2  71.0000  33.4979   1.3137   0.0000   0.0000   0.0000   2.0000
  2  1  3  71.0000  28.2933   2.0000  -0.0000  10.0000   0.0000   2.0000
  2  1  4  71.0000   0.0000   0.5000   0.0000  10.0000   0.0000   2.0000
  2  3  2  71.0000  55.3000   0.7078  -0.0000   0.0000   0.0000   0.7231
  2  3  3  71.0000   0.0000   1.8336   0.0000   9.9999   0.0000   2.0000
  2  3  4  62.0000   0.0000   0.5000   0.0000   0.3617   0.0000   0.5000
  2  4  2  72.0000  55.3000   2.0000   0.0000   0.0000   0.0000   2.0000
  2  4  3  72.0000   0.0000   1.4633  -0.0000   1.1928   0.0000   0.5000
  2  4  4  72.0000  17.7446   1.7303   0.0000  10.0000   0.0000   0.8075
  3  1  3  71.0000  18.4038   2.0000  -0.0000  10.0000   0.0000   0.6898
  4  1  3  71.0000   0.0000   0.5000   0.0000   1.8023   0.0000   2.0000
  4  1  4   0.0000  54.3393   2.0000   0.0000   9.9499   0.0000   0.5000
  4  3  3  62.0000   5.5833   2.0000  -0.0000   3.5727   0.0000   0.5853
  4  3  4  61.5000  55.3000   0.9997  -0.0000   2.9404   0.0000   2.0000
 10  ! Nr of torsions;V1; V2; V3; tor1; cot1; n.u.; n.u.; 
  1  1  1  2   0.0000   0.0000   0.0000  -0.0991  -0.0000   0.0000   0.0000
  1  1  3  2   2.3404 179.1715   0.1682  -5.0163   0.0000   0.0000   0.0000
  1  1  3  3  -0.6152  70.0593   1.1897  -4.4154   0.0000   0.0000   0.0000
  1  1  3  4 -10.8430 -52.2109  -0.1603  -9.8365   0.0000   0.0000   0.0000
  1  3  3  4  -5.3513  20.9630  -1.4840  -1.8494   0.0000   0.0000   0.0000
  2  1  1  2   2.7996   1.8803  -0.2656  -0.3137  -0.0000   0.0000   0.0000
  3  1  1  3   0.0000  10.1424   0.0000  -4.8852   0.0000   0.0000   0.0000
  3  1  3  2   5.8292 -43.9888  -1.8601  -4.1474   0.0000   0.0000   0.0000
  3  1  3  3   1.4962 -13.2393   1.4942  -1.1658  -0.0000   0.0000   0.0000
  3  1  3  4  -7.5765  19.6857   5.2365  -0.0000   0.0000   0.0000   0.0000
  9  ! Nr of Hbonds;rohb; Dehb; hb1; hb2; 
  1  2  1   2.2472   0.9372   1.3973   2.5165
  1  2  3   2.1696  -1.2778   2.0867   2.8884
  1  2  4   3.2483   1.3169   5.1002   5.0865
  3  2  1   2.0726   3.0000   3.9852   3.4109
  3  2  3   2.4970   3.0000   4.4459   4.4337
  3  2  4   2.9255  -2.1382   0.6503  12.3416
  4  2  1   4.0000   1.5687   4.5558   6.0000
  4  2  3   2.7107  -3.0000   4.0700   1.9146
  4  2  4   1.6800  -0.6655   9.0000   2.4062
4   !fnn_wi 9 3
 C     2.2355737686157227  -1.1069612503051758   3.6535489559173584  -1.1269584894180298   8.2250566482543945   3.6653676033020020   1.0589134693145752   4.2212452888488770  -0.9067221879959106  
      -0.8505789041519165   8.9884719848632812  -3.5563082695007324   1.0553948879241943  -5.6082406044006348   0.7537297010421753  -2.9406263828277588   0.6561143994331360   0.3758550584316254  
       0.4679532349109650  -1.2732386589050293   2.8371329307556152   0.9229475855827332   0.8318574428558350  -3.5364813804626465   0.1787633746862411  -4.8233218193054199  -0.1859331130981445  
 H    -2.9510326385498047  -6.6385998725891113  24.1386165618896484   6.3351464271545410  -0.2527390122413635   5.2260870933532715   0.0358782075345516  -5.5989570617675781   8.6913814544677734  
       2.3361961841583252   5.8346977233886719  -0.0080842617899179   1.0011639595031738   0.5409646034240723  -1.3342757225036621  -2.7170057296752930  -0.7685469388961792   3.0329816341400146  
       0.9318346977233887  -2.2559721469879150   0.7911798357963562  -2.7922239303588867  -0.3700915575027466  -1.0260381698608398  -0.1830718368291855   1.5118173360824585   0.2803253531455994  
 N     0.1909797638654709  -1.0065640211105347   2.7479748725891113  -1.7499092817306519  -0.5619067549705505   0.6857881546020508   0.9512787461280823   1.1248170137405396  -0.0525652840733528  
       1.5654131174087524   5.5523743629455566  -0.9760936498641968  -0.0519449673593044  -2.9349634647369385   2.9704904556274414  -1.3498418331146240  -1.1191481351852417   2.0392026901245117  
       0.5580068826675415  -0.6417315006256104  -1.0450024604797363   1.4407448768615723   2.6408674716949463  -1.7591812610626221  -1.8331643342971802   0.4229524731636047  -1.8362711668014526  
 O    -0.1360965818166733   0.4756379127502441   2.6580235958099365   9.7295789718627930   7.5248246192932129  -0.1366062313318253   4.7699742317199707   5.8360748291015625   4.2192273139953613  
       2.7577195167541504  -1.0072875022888184   1.1414932012557983   0.1859564781188965  -2.0936350822448730   0.8627364635467529  -0.8788256645202637   0.2343469411134720   0.3520040512084961  
      -2.3906292915344238   0.1422130167484283  -0.7188643217086792   0.2318083047866821   0.4942274987697601  -1.2346529960632324  -0.4166502058506012  -1.7642415761947632   1.2417446374893188  
4  !fnn_bi 9
 C   -13.7849063873291016   6.9830350875854492 -13.1622781753540039   2.0906465053558350  -5.8631815910339355  -9.7165393829345703  -3.1329436302185059   1.1784095764160156   5.3031682968139648  
 H    -5.8342003822326660  -0.7687894105911255  -2.9731674194335938  13.8024358749389648   1.2003582715988159   7.4818615913391113   9.8418874740600586   4.3323330879211426  -5.3082494735717773  
 N    -5.3738598823547363   6.5037136077880859 -11.0123281478881836   1.8751755952835083   0.6806890368461609   0.6189690232276917   3.6456627845764160  -1.0965149402618408   5.4451560974121094  
 O     2.3960807323455811   1.9869818687438965  -0.2838633656501770  -0.2484196126461029   0.9630147218704224   1.2857238054275513   2.5167903900146484   0.2097273916006088  -3.5635826587677002  
4  !fnn_wh 9 9
 C     2.1387577056884766   0.2845663130283356   1.9668157100677490  -6.2437949180603027  -3.5428695678710938  -4.0146894454956055   0.3962395787239075  -3.7214581966400146   0.8664726614952087  
      -2.3847064971923828   0.9644452333450317  -3.5314047336578369  -0.2795978188514709  -1.0694406032562256   7.2064094543457031   7.1544055938720703  -0.0112968077883124  -6.0345497131347656  
       2.7178683280944824   1.6605131626129150  -0.8210148811340332   2.6065976619720459   4.0145001411437988  -0.7584015130996704  -0.7882760763168335   1.1954069137573242   2.7694809436798096  
      -1.8550053834915161  -0.1098940968513489   2.5449314117431641  -3.5917837619781494   6.7530832290649414  -2.2436306476593018   0.4555089771747589   2.0763905048370361   0.3575677275657654  
       1.6752517223358154  -1.3562091588973999   1.3307331800460815   2.1985061168670654  -4.7857241630554199  -2.2224304676055908  -0.7970777153968811  -0.1523145586252213   2.5391385555267334  
      -6.6449017524719238  -5.3479061126708984  -3.0128076076507568  21.2188854217529297  -3.6936037540435791  -1.9796319007873535   4.6852908134460449  -0.4905145466327667   3.1876447200775146  
       1.2284123897552490   0.9117469787597656   5.9974622726440430  -0.0365438796579838  -0.7583663463592529   6.5754904747009277  -3.2055294513702393  -3.5777647495269775  -1.9372200965881348  
      -4.1640281677246094   4.7213420867919922  -1.4717692136764526  -1.6160724163055420   2.8717339038848877  -2.9605875015258789  -2.9768757820129395   2.9659574031829834   2.4795911312103271  
       0.2754496932029724  -1.5347294807434082   1.5896129608154297   2.5175976753234863  -3.0960805416107178  -2.1939749717712402  -1.1811515092849731  -1.2007328271865845  -1.6810619831085205  
 H     0.5167769789695740  -2.7291440963745117   1.2438337802886963   2.8295445442199707  -3.6000139713287354   0.1184647306799889  -0.9591231346130371  -0.1118580624461174  -1.1545627117156982  
       0.7267040610313416   0.8235843181610107  -1.9892663955688477  -0.6888490915298462   3.3034300804138184   2.3530395030975342  -0.9588757157325745   3.3873717784881592  -0.4235935509204865  
       0.1448727697134018   1.3639274835586548   4.2703075408935547  -1.7576620578765869  -4.9961385726928711   1.3333414793014526  -0.1838793009519577   0.3360029458999634  -0.7986467480659485  
      -3.6867113113403320  -0.8748125433921814   0.6569970250129700   0.1347825229167938   4.7914967536926270  -2.6183772087097168  -1.3999304771423340  -2.6222829818725586  -4.3511009216308594  
       0.6924868226051331  -1.6234172582626343  -0.9761531949043274  -1.7236415147781372   4.2008352279663086  -0.5145323872566223   1.0154983997344971   0.1094189733266830   0.5228178501129150  
       0.3495084047317505   1.4502249956130981   4.7749991416931152   2.3191771507263184   1.4871022701263428  -0.8355500698089600   4.9953923225402832   2.5021312236785889   1.9849308729171753  
      -0.6923270821571350  -1.1845597028732300  -0.4381677508354187  -0.7658931612968445   5.4392418861389160  -4.3583717346191406  -1.3822746276855469  -3.3630075454711914   2.5723810195922852  
      -4.4010620117187500   1.7869198322296143  -3.4676132202148438  -2.0970563888549805  -1.8842117786407471   0.0788428187370300   3.9083814620971680   4.5480561256408691   3.1186857223510742  
       4.2168784141540527  -0.2783698439598083   3.4029300212860107   1.5151224136352539   0.9784440994262695   1.4250392913818359   2.5127193927764893  -1.3792746067047119  -0.8219480514526367  
 N     3.9783866405487061  -2.3900640010833740  -2.1998100280761719   3.5494663715362549   0.4408549070358276   1.5166883468627930   0.4723440408706665   0.3807707428932190   0.5903292298316956  
      -1.1781492233276367  -0.7466415762901306   3.4912879467010498  -1.5979837179183960  -2.6271476745605469   2.6380875110626221  -0.8410176038742065   2.0609354972839355  -0.2092159986495972  
       0.5173522830009460  -4.9434080123901367   0.3816709816455841  -3.7667307853698730   0.4120681285858154  -8.5415840148925781   2.3552842140197754   2.1546871662139893   0.2428760975599289  
      -2.1628518104553223  -3.7125272750854492  -6.1859068870544434   0.8162572979927063   4.2310652732849121  -0.0326011069118977  -1.2130165100097656   2.4244275093078613   3.2785410881042480  
       0.6180881857872009   0.9263404011726379   1.7640782594680786   5.3508925437927246   2.0824031829833984  -2.1170074939727783   3.7204542160034180  -2.3274531364440918  -0.1606367975473404  
      -1.1825028657913208   0.5650899410247803  -0.1725060939788818  -0.3293425142765045  -0.6674210429191589  -0.3484600782394409   1.3191552162170410  -1.6054966449737549  -2.7796738147735596  
       1.1158407926559448  -0.9057636260986328  -6.1693453788757324   1.3857531547546387   2.0046863555908203   4.1014122962951660  -0.6365858912467957   1.1516438722610474  -1.4206912517547607  
      -2.3919453620910645   3.1832983493804932   0.9534473419189453  -0.2608779966831207  -2.1866097450256348   1.4172869920730591  -1.5103336572647095  -0.1718999296426773  -0.9839084148406982  
       1.2587583065032959  -1.3094689846038818   5.3673596382141113   0.5464219450950623  -1.5335605144500732   0.6959514021873474   1.7784371376037598  -2.2720243930816650   3.3183152675628662  
 O     0.2812851071357727   6.5601544380187988  -3.7575814723968506  -1.0392886400222778  -1.0173435211181641  -3.3446388244628906   1.3139337301254272  -2.7879211902618408   1.3092114925384521  
      -0.3659016489982605   4.2634620666503906  -1.2870036363601685  -1.1726603507995605   0.1401605308055878   1.6987462043762207   0.6733911037445068   1.1804836988449097  -1.1998758316040039  
       2.2958774566650391  -1.1598534584045410   0.5036565661430359   2.0459692478179932  -2.4423871040344238  -2.4602091312408447  -2.6088643074035645  -1.8745914697647095  -1.7632771730422974  
       1.1548053026199341  -0.5649824142456055   0.7784227132797241   0.5357386469841003  -1.0148396492004395  -0.8840959072113037  -1.1860308647155762   0.3287430107593536  -8.0541419982910156  
      -0.6127988696098328  -2.8592684268951416  -0.4402853846549988  -0.8620623946189880   0.9125012159347534   4.6635513305664062  -0.8427777290344238  -1.9067038297653198   5.7074880599975586  
       0.6904751658439636   2.6212391853332520  -3.5242059230804443  -0.6216870546340942  -1.7029401063919067  -0.9860774874687195   2.3854320049285889   8.4187364578247070   8.1943712234497070  
      -1.4499586820602417   1.0612298250198364  -2.0399188995361328  -0.3629136383533478   0.8370800614356995   3.6102173328399658   0.6977437138557434   2.2291054725646973   1.1154845952987671  
       4.3254446983337402  -7.0563507080078125   7.3481106758117676   5.2729849815368652   8.8257493972778320   8.4623622894287109  -0.0109662367030978  -2.3122112751007080   3.1886832714080811  
      -0.4739042222499847  -0.0113315610215068  -0.9457308053970337  -0.5430003404617310  -0.1819863319396973   0.5636698603630066   1.5495398044586182  -0.2404180318117142  -2.7834427356719971  
4  !fnn_bh 9
 C     4.4462451934814453   0.2304521501064301  -2.3794119358062744   1.3431473970413208   3.3026401996612549   2.0230991840362549   0.0031493122223765   1.0302418470382690  -0.3149957656860352  
 H     1.1421942710876465  -0.7589570879936218  -1.6289142370223999   0.3324705958366394   0.1113111823797226   0.7086041569709778  -2.0005540847778320  -0.1526791900396347  -0.9251736402511597  
 N     1.3605717420578003   0.4992216825485229   1.2673951387405396  -1.3702273368835449   0.8432017564773560   2.0958299636840820   2.6040523052215576  -0.8625202178955078  -0.5083044171333313  
 O     0.6458938717842102   1.1499867439270020  -0.1289815604686737  -0.1515207886695862  -0.8131868243217468  -0.1026387810707092  -0.2266647070646286   0.1937430351972580   2.1955342292785645  
4  !fnn_wo 3 9
 C   -13.6377964019775391 -12.3910083770751953   0.1300294548273087  
       1.8293110132217407   9.2383413314819336  -1.5546387434005737  
      -3.6819760799407959  -8.4730224609375000  -5.8873085975646973  
      -1.7506495714187622  -3.7189095020294189  -1.3216657638549805  
       6.1088442802429199   6.0974888801574707  -1.6242512464523315  
       7.6618065834045410   2.8608381748199463   2.1829423904418945  
       9.1084604263305664   2.9025366306304932   1.4831513166427612  
      -2.5925838947296143   5.6420488357543945   3.7097547054290771  
       6.2160248756408691  -7.0854406356811523   2.1302492618560791  
 H    -1.5902603864669800  -5.2996077537536621  -2.7087631225585938  
       3.1616618633270264  10.2277507781982422  -1.6581557989120483  
      -5.1604270935058594   5.4390144348144531  -0.2066904455423355  
      -0.6486753821372986  -2.5906798839569092   3.1666562557220459  
      -1.6481325626373291  -1.4344757795333862  -2.8957128524780273  
      -1.6215236186981201   2.5968275070190430   1.8488508462905884  
       5.9261918067932129   1.1304230690002441  -0.6941336989402771  
       3.1958413124084473  -0.1076507121324539   4.0823287963867188  
       4.3710207939147949  -4.2556262016296387   0.2943914234638214  
 N    -3.6863353252410889  -5.0051522254943848  -3.8998324871063232  
       3.8293447494506836   0.0991781726479530   4.2139110565185547  
      -4.8992509841918945   1.9142240285873413   2.9896857738494873  
      -1.1404850482940674  -1.2314023971557617  -3.1564497947692871  
      -2.5752167701721191  -4.5927462577819824  -3.5618498325347900  
       4.5454468727111816   1.9944067001342773   2.7595093250274658  
       7.2391009330749512   2.3688848018646240   1.4544535875320435  
       0.5898815989494324   0.4498164355754852   5.1210021972656250  
      -2.9694464206695557   2.2024571895599365   3.5495347976684570  
 O    -3.6769108772277832  -2.5307464599609375  -0.3231950402259827  
       1.6486722230911255   4.1318092346191406   1.7742755413055420  
      -3.5858950614929199  -3.1730356216430664  -3.9754648208618164  
      -2.1482901573181152  -1.9826928377151489  -1.3080469369888306  
       2.1234214305877686  -6.0445876121520996  -0.8366919755935669  
       0.8700184226036072   2.5663831233978271   1.0038987398147583  
       4.6412000656127930   1.6784384250640869   0.1848045736551285  
      -0.1378751248121262  -0.3088912367820740   2.5139946937561035  
       1.8612426519393921   3.0802483558654785  -0.7616258859634399  
4  !fnn_bo 3
 C    -7.7440519332885742  -0.2084872275590897  -2.1036806106567383  
 H    -4.6592893600463867   0.5240822434425354  -1.3044518232345581  
 N    -3.2394244670867920  -0.9362134933471680  -2.1823310852050781  
 O    -3.6684780120849609  -0.2903061807155609   0.0829458683729172  
10  !enn_wi 9 3
  1  1   -4.9283061027526855   2.9314661026000977  -3.9816837310791016   0.4701484739780426   0.1881481558084488   2.3044846057891846 -22.2459754943847656  -3.0615642070770264   0.5347930192947388  
          5.7338142395019531   2.0955917835235596  -2.8863232135772705   1.5619661808013916   1.8543930053710938   5.1928758621215820   2.3723185062408447  -2.1393268108367920   1.5061948299407959  
         -1.3388438224792480  -3.1436583995819092   3.2790088653564453   7.6322994232177734   6.2792243957519531   3.9681448936462402  -5.5119652748107910   2.3403537273406982   8.1048564910888672  
  1  2   -5.1233181953430176  -2.1256089210510254   3.0678677558898926 -10.1700372695922852  -1.2085641622543335  -5.4320983886718750  -4.1052908897399902  -3.0581958293914795   0.4800667166709900  
         -4.7431645393371582  -6.4966311454772949   2.2934987545013428  -6.0405998229980469   5.9604554176330566  -0.0590910390019417   3.6943206787109375  -3.6907086372375488  -2.4838798046112061  
         -2.2140502929687500  10.7346954345703125  -4.9323811531066895  -7.7872881889343262  -5.5535521507263184  -2.6712896823883057   0.7037053704261780  -1.7105315923690796   0.1869648396968842  
  1  3   -0.8635538220405579  -2.3314955234527588  -1.9201607704162598  -0.1290318071842194  -0.3651447296142578 -13.7106828689575195  -0.2066821753978729  -5.7032251358032227  -1.4201796054840088  
          1.8454238176345825  -2.1817524433135986   5.3764886856079102   2.1098508834838867  -0.6561666727066040   1.4827420711517334   2.2560753822326660  -3.9442191123962402  -2.4170975685119629  
         -0.6195604801177979  -3.3294997215270996  -2.5708153247833252  -1.0128607749938965  -0.1783919781446457  -6.4602012634277344  -3.4949226379394531  -0.5778451561927795  -1.9096652269363403  
  1  4   -0.1192025393247604  -0.1487565040588379  -0.1078974530100822  -8.5336837768554688  -0.1275155842304230  -0.1503493636846542  -1.2303079366683960  -0.1245014294981956  -0.1249193549156189  
          0.3149847686290741   0.4320577681064606   0.2730050384998322  -5.1884918212890625   0.3477423489093781   0.4398103058338165   2.7672123908996582   0.3368283212184906   0.3391719460487366  
          0.2091069370508194   0.2658134996891022   0.1855909526348114  -0.2301587611436844   0.2262110412120819   0.2689004242420197   0.5904955863952637   0.2205010950565338   0.2216389179229736  
  2  2    0.0000391570320062   0.0000391570320062   0.0000391570320062   0.0000391570320062   0.0000391570320062   0.0000391570320062   0.0000391570320062   0.0000391570320062   0.0000391570320062  
         -0.0000240179997490  -0.0000240179997490  -0.0000240179997490  -0.0000240179997490  -0.0000240179997490  -0.0000240179997490  -0.0000240179997490  -0.0000240179997490  -0.0000240179997490  
          0.0000203609633900   0.0000203609633900   0.0000203609633900   0.0000203609633900   0.0000203609633900   0.0000203609633900   0.0000203609633900   0.0000203609633900   0.0000203609633900  
  2  3   -2.9947638511657715   1.7190161943435669   5.4890151023864746   7.2075219154357910  -9.7933549880981445  -2.8669366836547852   0.3707557618618011   2.3563032150268555  -1.3101340532302856  
         -2.4241061210632324  -6.2759599685668945  -4.3138618469238281  -0.1762289702892303 -10.3782596588134766  -5.1141624450683594  -1.8106477260589600  -2.8043909072875977  -1.8658455610275269  
         -4.7210798263549805   3.8844449520111084  -1.0459253787994385  -1.2125400304794312  -3.4119246006011963  -0.8191863894462585  -1.4132543802261353  -3.9270541667938232  -1.9155632257461548  
  2  4   -1.7927236557006836   5.9199032783508301  -1.8583023548126221  -8.4458494186401367  -1.7568807601928711   2.7007279396057129   5.6347141265869141  -0.1836835145950317  -0.3202743232250214  
          0.7324556708335876   0.1373021304607391   0.7089698910713196  -2.4709362983703613  -1.8918586969375610   1.7366603612899780   4.2278089523315430   1.2029458284378052   1.1515939235687256  
          0.1914348751306534  -0.1127967387437820  -0.2846602797508240   0.5086617469787598   0.7703241109848022   0.0004897880717181   2.6703894138336182  -0.7326315641403198  -0.6973400712013245  
  3  3   -4.3201270103454590   3.7208144664764404  -2.3035004138946533  -0.7824788689613342   2.1887540817260742  -4.5839838981628418 -10.8376626968383789  -1.9818788766860962   5.3526058197021484  
         -4.2884202003479004  -2.2363076210021973  -2.9673230648040771   7.0018630027770996   0.3511154353618622  -3.4572620391845703  -4.6404252052307129  -2.6920785903930664  -3.0605859756469727  
         -3.0123999118804932  -2.5650336742401123  -2.3595619201660156  -6.7744512557983398  -4.1361656188964844  -3.0284638404846191  -6.0685014724731445  -2.4025497436523438  -2.1462671756744385  
  4  3    0.1018727868795395   3.0825550556182861  -0.1747281551361084  -7.7569708824157715 -11.1056394577026367   0.6885762810707092  -7.9858489036560059  -8.1392459869384766  -7.7177581787109375  
         -0.6859573721885681  -0.7570930123329163  -0.5896321535110474  -1.8356450796127319  -1.9297659397125244  -0.9649076461791992  10.2113113403320312  -1.8575962781906128  -1.7996069192886353  
         -3.4529433250427246  -4.1067686080932617  -3.7134306430816650  -2.9606115818023682  -2.8483757972717285  -2.9548735618591309  -9.3535699844360352  -2.9687860012054443  -3.0570731163024902  
  4  4   -5.1233181953430176  -2.1256089210510254   3.0678677558898926 -10.1700372695922852  -1.2085641622543335  -5.4320983886718750  -4.1052908897399902  -3.0581958293914795   0.4800667166709900  
         -4.7431645393371582  -6.4966311454772949   2.2934987545013428  -6.0405998229980469   5.9604554176330566  -0.0590910390019417   3.6943206787109375  -3.6907086372375488  -2.4838798046112061  
         -2.2140502929687500  10.7346954345703125  -4.9323811531066895  -7.7872881889343262  -5.5535521507263184  -2.6712896823883057   0.7037053704261780  -1.7105315923690796   0.1869648396968842  
10  !enn_bi 9
  1  1    0.2593777477741241   0.3622913956642151   0.2036607861518860  -1.0253163576126099  -1.0117005109786987  -4.5062432289123535   2.8690767288208008   0.0147773800417781  -1.1298313140869141  
  1  2   -0.0378086417913437   0.7759414315223694   0.6328662037849426   1.3903772830963135  -0.0925390347838402   1.0673171281814575  -0.8835930228233337  -0.5401341915130615   0.1747378408908844  
  1  3    0.1156184375286102   2.3649408817291260   0.0350990407168865  -0.3178704082965851   4.6799173355102539   1.5966684818267822   0.3349471092224121   1.0702164173126221   0.7185620069503784  
  1  4   -0.0259033590555191  -0.1151570901274681  -0.0024495190009475   1.2522165775299072  -0.0475307144224644  -0.1206965520977974  -1.7111684083938599  -0.0398860014975071  -0.0414324291050434  
  2  2    0.3057140707969666   0.3057140707969666   0.3057140707969666   0.3057140707969666   0.3057140707969666   0.3057140707969666   0.3057140707969666   0.3057140707969666   0.3057140707969666  
  2  3    3.4539170265197754   0.5861555337905884   0.9776853919029236   0.2493627667427063   0.6347366571426392   0.2247405350208282  -0.4557955861091614  -0.7032827734947205  -0.1146486625075340  
  2  4    0.2173260450363159   0.0627448931336403   0.2456180751323700   0.7294415235519409   0.3991226255893707   0.0293578524142504  -0.8067004084587097  -0.0711799785494804  -0.0619216375052929  
  3  3    1.2966234683990479   1.4014073610305786  -0.0868573635816574   2.6989970207214355   0.3192142546176910   0.0413777567446232   1.0850285291671753  -0.1079779639840126  -0.0416634418070316  
  4  3    0.1137458235025406   3.7235324382781982   0.3137889802455902  -0.0363876633346081   0.5965428352355957  -0.1786739230155945   2.8819348812103271  -0.0222866535186768  -0.0795044526457787  
  4  4   -0.0378086417913437   0.7759414315223694   0.6328662037849426   1.3903772830963135  -0.0925390347838402   1.0673171281814575  -0.8835930228233337  -0.5401341915130615   0.1747378408908844  
10  !enn_wh 9 9
  1  1   -1.1442619562149048  -1.4385083913803101   1.9797807931900024   4.5262689590454102  -0.1536806225776672   3.6384847164154053  -1.5945272445678711  -0.0921484827995300  -0.3040353357791901  
         -0.7875078320503235  -0.5014727115631104  -1.7766629457473755  -1.4038765430450439  -1.4026983976364136  -1.3383235931396484  -0.2807192206382751  -1.4281004667282104  -1.3406486511230469  
          0.8439098596572876   0.5048748850822449   1.4043781757354736  -0.8809116482734680   2.4055767059326172   0.5177747607231140   0.4868886172771454   2.5290384292602539   2.0697999000549316  
          1.2876185178756714   1.4430385828018188  -0.6307629346847534  -1.5292936563491821   0.7838608026504517  -1.9903541803359985   1.5355877876281738   0.7438012361526489   0.9297130107879639  
          1.0330370664596558   1.1024287939071655  -0.6524091362953186  -1.7341290712356567   0.7620666027069092  -2.0858018398284912   1.1199219226837158   0.7345370054244995   0.8538426160812378  
          0.5444303154945374   0.2327744364738464  -3.4756748676300049  -4.3402867317199707   0.1989583373069763  -5.4688673019409180   0.0357972159981728   0.0994019582867622   0.5125769972801208  
         -2.8843057155609131  -3.2259290218353271   2.8648607730865479   7.3289470672607422  -2.1328394412994385   5.8597221374511719  -3.5065190792083740  -2.0742740631103516  -2.2111282348632812  
          0.3367756903171539   0.0331403724849224   1.0689829587936401  -0.5763469338417053   1.6018071174621582   0.3480969667434692  -0.0087801441550255   1.6887750625610352   1.3738417625427246  
          1.3856089115142822   1.5242198705673218  -0.6134750247001648  -1.5000094175338745   0.8434612154960632  -2.0211100578308105   1.5739399194717407   0.7992703914642334   0.9824326634407043  
  1  2    2.0573289394378662   2.0403189659118652   1.1862118244171143   1.6419173479080200  -1.1205176115036011  -0.9792692661285400   0.7715929746627808   0.3928769826889038   1.7177950143814087  
         -0.5276010632514954  -0.5452145338058472   0.2122603654861450  -2.0849018096923828   1.7775607109069824   0.0809919014573097   0.2972228527069092   0.3106847703456879  -0.3491982817649841  
         -0.1735778450965881  -0.1763159334659576  -0.3402126431465149   1.8204499483108521   5.5384182929992676  -0.4581775367259979  -0.0471388660371304  -0.1218183860182762  -0.2683965861797333  
          5.4734883308410645   5.6244149208068848   4.8367280960083008   7.5906791687011719  -0.2098592817783356  -0.2077154666185379   4.2886166572570801   3.7747867107391357   4.9263005256652832  
          0.4840579032897949   0.6486693024635315  -0.1762799918651581   5.7775206565856934   0.7644343376159668   0.2273753881454468  -0.3575351536273956  -0.1267702877521515   0.5255523920059204  
         -1.6431697607040405  -1.8150414228439331  -1.5662975311279297  -5.9028973579406738   1.2114707231521606  -1.0418276786804199  -1.5458421707153320  -1.7719399929046631  -1.6581605672836304  
         -1.0435694456100464  -0.8762250542640686  -0.3811687231063843  -1.4213021993637085  -5.2679243087768555   0.2179136425256729  -0.4716156721115112  -0.1894947439432144  -1.0345530509948730  
          0.7935614585876465   0.7984145879745483   0.0586123466491699   1.1964913606643677  -0.2957173585891724  -1.0078408718109131  -0.2388015240430832  -0.3560016155242920   0.5618922710418701  
          0.1017934828996658   0.1580103784799576  -0.2538387179374695   0.7418347001075745   0.9238260984420776  -0.8717859983444214  -0.4750928282737732  -0.4543026089668274   0.0184101145714521  
  1  3   -0.3326931595802307  -1.3894802331924438  -0.1289490312337875  -0.6003050208091736  -0.7127650380134583  -0.6335557103157043  -0.4219698011875153  -0.7644135355949402  -0.8847660422325134  
          1.8028918504714966   2.5817818641662598   0.4889246225357056   1.8159841299057007   1.7978525161743164   1.8020759820938110   1.9029167890548706   1.7266978025436401   1.8101185560226440  
         -0.2055338919162750  -1.2913911342620850  -0.3993528783321381  -0.0938817039132118  -0.1378738433122635  -0.0065986346453428  -0.2811824381351471  -0.2676934897899628  -0.1181200519204140  
         -0.3327221572399139  -0.5288653969764709  -0.2823990881443024  -0.1120761185884476  -0.1752726137638092  -0.2083814442157745  -0.2505154311656952  -0.3029709160327911  -0.1624548286199570  
          0.6222557425498962   1.6861909627914429   5.1286711692810059   0.2346893250942230   0.6999201774597168  -0.0277560092508793   0.0578217729926109   0.5079235434532166   0.7553207278251648  
          4.0981407165527344   2.4704036712646484   0.4744725823402405   4.0849871635437012   4.0614075660705566   3.6503159999847412   3.1244800090789795   4.1908116340637207   3.8520143032073975  
         -0.4557058215141296  -1.7097550630569458  -0.3204903304576874  -0.5835757255554199  -0.9185177683830261  -0.2129248827695847  -0.1562488824129105  -0.7429289221763611  -0.4223423004150391  
         -0.9721862077713013   0.0332786776125431   0.3692748546600342  -0.9547142982482910  -0.7724568843841553  -1.0064963102340698  -1.0673300027847290  -0.6841094493865967  -0.8344148993492126  
          0.9221566915512085   1.7389186620712280   0.3689524531364441   0.9825631976127625   0.9176713228225708   1.0050705671310425   1.0089324712753296   0.9015067815780640   0.8592758774757385  
  1  4   -0.2187416851520538  -0.2186416685581207  -0.2210504412651062  -0.2170017957687378  -0.2201995402574539   0.1971876621246338  -0.2139707952737808  -0.1840031892061234  -0.2207022160291672  
         -0.2996458113193512  -0.3000411391258240  -0.2838148772716522  -0.2990152239799500  -0.2638085782527924   0.2500198185443878  -0.2707158923149109  -0.2358973175287247  -0.2912012338638306  
         -0.1982139497995377  -0.1982815414667130  -0.1936886757612228  -0.1964606940746307  -0.1742215901613235   0.1727246940135956  -0.1860441416501999  -0.1600783020257950  -0.1962247937917709  
          3.1319918632507324   3.1323754787445068   3.0510869026184082   3.1352396011352539   3.0458366870880127  -2.4906294345855713   2.8251872062683105   2.2963709831237793   3.1094815731048584  
         -0.2403673976659775  -0.2402543723583221  -0.2410040944814682  -0.2379319667816162  -0.2379543483257294   0.2142778337001801  -0.2330893427133560  -0.2006094455718994  -0.2413464933633804  
         -0.3037773668766022  -0.3042336106300354  -0.2881416380405426  -0.3045787215232849  -0.2682969272136688   0.2525170147418976  -0.2738546133041382  -0.2383910119533539  -0.2956679165363312  
         -1.1096715927124023  -1.1095038652420044  -1.1197819709777832  -1.1096792221069336  -1.1367362737655640   1.0840022563934326  -1.1209075450897217  -1.0573803186416626  -1.1140724420547485  
         -0.2347201704978943  -0.2346464842557907  -0.2337738126516342  -0.2329844534397125  -0.2276676893234253   0.2086184322834015  -0.2262462675571442  -0.1950794011354446  -0.2349421381950378  
         -0.2372115254402161  -0.2371655255556107  -0.2348981350660324  -0.2354623228311539  -0.2261440157890320   0.2097258865833282  -0.2272339612245560  -0.1961569339036942  -0.2366655021905899  
  2  2    0.2829983830451965   0.2829983830451965   0.2829983830451965   0.2829983830451965   0.2829983830451965   0.2829983830451965   0.2829983830451965   0.2829983830451965   0.2829983830451965  
          0.2829983830451965   0.2829983830451965   0.2829983830451965   0.2829983830451965   0.2829983830451965   0.2829983830451965   0.2829983830451965   0.2829983830451965   0.2829983830451965  
          0.2829983830451965   0.2829983830451965   0.2829983830451965   0.2829983830451965   0.2829983830451965   0.2829983830451965   0.2829983830451965   0.2829983830451965   0.2829983830451965  
          0.2829983830451965   0.2829983830451965   0.2829983830451965   0.2829983830451965   0.2829983830451965   0.2829983830451965   0.2829983830451965   0.2829983830451965   0.2829983830451965  
          0.2829983830451965   0.2829983830451965   0.2829983830451965   0.2829983830451965   0.2829983830451965   0.2829983830451965   0.2829983830451965   0.2829983830451965   0.2829983830451965  
          0.2829983830451965   0.2829983830451965   0.2829983830451965   0.2829983830451965   0.2829983830451965   0.2829983830451965   0.2829983830451965   0.2829983830451965   0.2829983830451965  
          0.2829983830451965   0.2829983830451965   0.2829983830451965   0.2829983830451965   0.2829983830451965   0.2829983830451965   0.2829983830451965   0.2829983830451965   0.2829983830451965  
          0.2829983830451965   0.2829983830451965   0.2829983830451965   0.2829983830451965   0.2829983830451965   0.2829983830451965   0.2829983830451965   0.2829983830451965   0.2829983830451965  
          0.2829983830451965   0.2829983830451965   0.2829983830451965   0.2829983830451965   0.2829983830451965   0.2829983830451965   0.2829983830451965   0.2829983830451965   0.2829983830451965  
  2  3   -0.0308537930250168   0.1121840849518776   0.0081959525123239  -0.1954481899738312  -0.2032495141029358   0.2153977900743484   0.0453541986644268   1.2963868379592896  -0.0562492273747921  
         -0.8437831997871399  -0.0709308832883835  -0.2265338897705078   0.7554869651794434   1.0579789876937866   0.6043588519096375   0.8754327297210693  -2.5019037723541260   0.8832628726959229  
          0.6131572127342224  -1.7507096529006958  -1.6144216060638428  -0.1943983733654022   0.0767869353294373  -0.4427733421325684  -0.6955572366714478  -2.0501539707183838  -0.6558659076690674  
         -1.0040032863616943   0.9741792082786560   0.7553925514221191   0.7256619334220886   0.8131450414657593   1.3215442895889282   1.0387345552444458   2.0757648944854736   0.8664938807487488  
         -2.4292581081390381   4.6368684768676758   5.2808856964111328   3.2090680599212646   3.0213901996612549   2.9006686210632324   2.4249422550201416   5.7298769950866699   2.3971796035766602  
          1.0135458707809448   1.1554571390151978   1.9776853322982788  -0.3532780110836029  -0.8269810676574707  -0.5169440507888794  -0.9854481220245361   3.6646521091461182  -1.1250427961349487  
         -0.3434630334377289  -0.2099091112613678  -0.4185658395290375   0.1550147682428360   0.2963343560695648   0.1426548212766647   0.3810665607452393  -0.7849930524826050   0.2820831239223480  
         -1.1732128858566284   0.6335352063179016   0.5703580379486084   1.7741776704788208   2.1400964260101318   1.6427723169326782   1.3220089673995972   1.2164319753646851   0.9389953017234802  
          0.0182875525206327  -0.2475111633539200  -0.4127249717712402  -0.3993948101997375  -0.2533378601074219  -0.4258434474468231  -0.0612003766000271  -0.8828761577606201   0.2631779313087463  
  2  4   -0.2807981967926025  -0.2635885179042816  -0.2711758911609650   1.1546996831893921  -0.1912756115198135  -0.2867176830768585  -0.2820494771003723  -0.2892225086688995  -0.2948323488235474  
          0.9052490592002869   1.1177934408187866   1.1055133342742920  -5.6021566390991211   1.6006891727447510   0.4006184339523315   0.9509352445602417   0.8257452249526978   0.6350267529487610  
         -0.2826072871685028  -0.2567765414714813  -0.2632336616516113   0.8146917223930359  -0.0662826970219612  -0.3174090385437012  -0.2808170318603516  -0.2950877547264099  -0.3116188645362854  
          0.5755905508995056   0.7730011343955994   0.7340039014816284  10.0963926315307617   1.3492950201034546   0.0715136080980301   0.6058419346809387   0.4926189482212067   0.3107624650001526  
         -0.0016625887947157   0.0335531048476696   0.0224062073975801   2.3405399322509766   0.2192538231611252  -0.0715708434581757   0.0004809297970496  -0.0187481883913279  -0.0467138960957527  
         -0.1810214072465897  -0.2403084933757782  -0.2282073199748993  -3.1142375469207764  -0.3683401346206665  -0.0182970482856035  -0.1932050883769989  -0.1613170653581619  -0.0983838587999344  
         -0.8929003477096558  -1.0280410051345825  -0.9529842734336853  -2.5966868400573730  -1.8043358325958252  -0.5146892666816711  -0.8954575061798096  -0.8260224461555481  -0.7086815834045410  
         -0.1256338953971863  -0.1391497105360031  -0.1414158195257187  -1.3925076723098755  -0.2307153046131134  -0.0829574465751648  -0.1331037431955338  -0.1217859238386154  -0.1009074375033379  
         -0.1402237266302109  -0.1527260392904282  -0.1538494229316711  -1.2249562740325928  -0.2269786298274994  -0.1007659435272217  -0.1466515511274338  -0.1364854872226715  -0.1174032613635063  
  3  3    0.1912824362516403   0.4346766173839569   0.2581757307052612   0.8727085590362549   0.2680101990699768   0.9205971956253052   1.2690542936325073  -0.0001734557590680   0.1054891943931580  
          1.0222420692443848   1.3254685401916504  -0.6328474283218384  -1.8708527088165283   0.2810054719448090  -2.0152413845062256   2.3365952968597412   0.2055347114801407   0.3551470041275024  
          0.6169401407241821   0.4814272522926331   0.7502108812332153   1.3105661869049072   0.4773179590702057   1.3066941499710083   0.5547479391098022   0.6097620725631714   0.4777850210666656  
          0.9385657310485840   1.3357845544815063   0.6476547122001648   1.3625886440277100   0.6801165342330933   1.5101573467254639   2.6721696853637695   0.6499453186988831   1.2072660923004150  
         -0.0799832269549370   0.0919478163123131  -1.0096704959869385  -1.7417367696762085  -0.1262600272893906  -1.7377986907958984   0.6985247135162354  -0.0916204079985619  -0.3523709774017334  
          0.3994718790054321   0.3698488175868988   1.2200092077255249   2.1333487033843994   0.3353305459022522   2.1890761852264404   0.5121175050735474   0.3855423033237457   0.2742407619953156  
          0.0543662309646606  -0.0481327697634697   4.3041601181030273   6.2046470642089844   0.8493717908859253   6.4333095550537109   0.1746040135622025   1.0034714937210083   0.3747124969959259  
          0.5157271623611450   0.4264864921569824   0.6377124190330505   0.8446713685989380   0.5184535384178162   0.9370834231376648   0.5589791536331177   0.3973964154720306   0.4092560708522797  
          0.7254813909530640   0.4698289632797241  -0.4120937883853912  -1.2008225917816162   0.6109955906867981  -1.3399540185928345   1.4247123003005981   0.3367225527763367   0.1917743682861328  
  4  3    0.4744374155998230   0.0909660533070564   2.0208933353424072   0.2508847415447235   0.4105002880096436   0.5063857436180115   0.4050779938697815   0.2226175218820572   0.4251024425029755  
         -0.2885782718658447  -1.0016648769378662   1.7004734277725220  -0.8248397707939148  -0.1438323110342026  -0.3105990588665009  -0.3064439594745636  -1.4657475948333740   0.0962863638997078  
          0.5058557987213135   0.1705552339553833   2.1573390960693359   0.2901435792446136   0.4440996646881104   0.6378566026687622   0.3986569344997406   0.2639841139316559   0.4141688644886017  
          1.2568933963775635   1.9502049684524536   1.7867623567581177   1.6270452737808228   1.2420043945312500   1.0101702213287354   1.3731365203857422   2.4822127819061279   1.2072120904922485  
          1.7116210460662842   2.6230440139770508   3.5058271884918213   2.1545736789703369   1.8258396387100220   1.7967681884765625   2.0470654964447021   3.0659189224243164   1.9685271978378296  
          0.4556297659873962   0.1078363880515099   1.3502306938171387   0.1065345630049706   0.3591662645339966   0.5689186453819275   0.1530647426843643   0.0445588305592537   0.3004687726497650  
          0.6680303215980530   0.6035256385803223   1.7835963964462280   2.0260844230651855   1.2758589982986450   0.5841089487075806   1.0283720493316650   0.0728009939193726   0.9683457016944885  
          1.2097938060760498   2.0656349658966064   1.5846521854400635   1.8825536966323853   1.2759829759597778   0.9394688606262207   1.4823135137557983   2.7368879318237305   1.2982363700866699  
          1.1506330966949463   2.0172879695892334   1.6860973834991455   1.8257458209991455   1.3868347406387329   1.0327075719833374   1.5461000204086304   2.6184856891632080   1.0961157083511353  
  4  4    2.0573289394378662   2.0403189659118652   1.1862118244171143   1.6419173479080200  -1.1205176115036011  -0.9792692661285400   0.7715929746627808   0.3928769826889038   1.7177950143814087  
         -0.5276010632514954  -0.5452145338058472   0.2122603654861450  -2.0849018096923828   1.7775607109069824   0.0809919014573097   0.2972228527069092   0.3106847703456879  -0.3491982817649841  
         -0.1735778450965881  -0.1763159334659576  -0.3402126431465149   1.8204499483108521   5.5384182929992676  -0.4581775367259979  -0.0471388660371304  -0.1218183860182762  -0.2683965861797333  
          5.4734883308410645   5.6244149208068848   4.8367280960083008   7.5906791687011719  -0.2098592817783356  -0.2077154666185379   4.2886166572570801   3.7747867107391357   4.9263005256652832  
          0.4840579032897949   0.6486693024635315  -0.1762799918651581   5.7775206565856934   0.7644343376159668   0.2273753881454468  -0.3575351536273956  -0.1267702877521515   0.5255523920059204  
         -1.6431697607040405  -1.8150414228439331  -1.5662975311279297  -5.9028973579406738   1.2114707231521606  -1.0418276786804199  -1.5458421707153320  -1.7719399929046631  -1.6581605672836304  
         -1.0435694456100464  -0.8762250542640686  -0.3811687231063843  -1.4213021993637085  -5.2679243087768555   0.2179136425256729  -0.4716156721115112  -0.1894947439432144  -1.0345530509948730  
          0.7935614585876465   0.7984145879745483   0.0586123466491699   1.1964913606643677  -0.2957173585891724  -1.0078408718109131  -0.2388015240430832  -0.3560016155242920   0.5618922710418701  
          0.1017934828996658   0.1580103784799576  -0.2538387179374695   0.7418347001075745   0.9238260984420776  -0.8717859983444214  -0.4750928282737732  -0.4543026089668274   0.0184101145714521  
10  !enn_bh 9
  1  1   -1.5017703771591187  -1.2668374776840210  -2.3280425071716309  -2.6239068508148193  -1.8347809314727783  -2.3827943801879883  -1.0926672220230103  -1.8317589759826660  -1.8306502103805542  
  1  2   -2.5778243541717529  -2.6519908905029297  -2.0165958404541016  -3.5684292316436768  -0.7516173124313354  -1.4085481166839600  -1.7052705287933350  -1.4598964452743530  -2.2353515625000000  
  1  3   -2.5650784969329834  -3.4789254665374756  -2.4814827442169189  -2.2345921993255615  -2.6943104267120361  -1.9963847398757935  -1.7896400690078735  -2.7183921337127686  -2.5463042259216309  
  1  4   -0.2884468436241150  -0.2884051501750946  -0.2628654837608337  -0.2950715124607086  -0.2944419384002686   0.1003804728388786  -0.1851197481155396  -0.0796332657337189  -0.2837207913398743  
  2  2    0.4915571808815002   0.4915571808815002   0.4915571808815002   0.4915571808815002   0.4915571808815002   0.4915571808815002   0.4915571808815002   0.4915571808815002   0.4915571808815002  
  2  3    1.5243922472000122  -2.0871903896331787  -2.2874112129211426  -1.9354830980300903  -2.1956830024719238  -2.1768536567687988  -1.5604617595672607  -3.2287781238555908  -1.2425386905670166  
  2  4   -0.1659977883100510  -0.2417175322771072  -0.2485287189483643  -0.3472270369529724  -0.3699512481689453  -0.0432493463158607  -0.1778763681650162  -0.1347608268260956  -0.0872596800327301  
  3  3   -2.0090410709381104  -1.8170078992843628  -3.1247446537017822  -3.6619956493377686  -2.4996051788330078  -3.8084256649017334  -2.3880183696746826  -2.5055549144744873  -2.4057104587554932  
  4  3   -2.6877872943878174  -2.9854922294616699  -3.3023669719696045  -3.8743240833282471  -3.3318319320678711  -2.4548830986022949  -3.2791800498962402  -2.9913516044616699  -3.2531547546386719  
  4  4   -2.5778243541717529  -2.6519908905029297  -2.0165958404541016  -3.5684292316436768  -0.7516173124313354  -1.4085481166839600  -1.7052705287933350  -1.4598964452743530  -2.2353515625000000  
10  !enn_wo 1 9
  1  1   -2.6582291126251221  -2.6143405437469482  -4.5112090110778809  -9.2989940643310547  -2.9392993450164795  -8.7684879302978516  -2.5421040058135986  -2.9417264461517334  -2.9368407726287842  
  1  2   -3.4701380729675293  -3.7044889926910400  -2.4076583385467529  -7.8635463714599609  -1.8577284812927246  -1.0611028671264648  -1.8842890262603760  -1.6076005697250366  -2.6116573810577393  
  1  3   -2.5268247127532959  -5.4102439880371094  -1.2600057125091553  -2.5002229213714600  -2.8956239223480225  -1.8321491479873657  -1.5375777482986450  -3.0491669178009033  -2.4401509761810303  
  1  4   -3.6429004669189453  -3.6434235572814941  -3.5281658172607422  -3.6463675498962402  -3.5232541561126709   2.7238759994506836  -3.2006945610046387  -2.4334895610809326  -3.6110408306121826  
  2  2   -1.9937814474105835  -1.9937814474105835  -1.9937814474105835  -1.9937814474105835  -1.9937814474105835  -1.9937814474105835  -1.9937814474105835  -1.9937814474105835  -1.9937814474105835  
  2  3    2.2782526016235352  -3.2334005832672119  -4.0065612792968750  -3.2020602226257324  -3.2557349205017090  -2.8244762420654297  -2.2977790832519531  -6.1245265007019043  -2.3979098796844482  
  2  4   -1.3901691436767578  -1.7224097251892090  -1.6481395959854126 -13.3611354827880859  -2.8626999855041504  -0.6068415045738220  -1.4393321275711060  -1.2570000886917114  -0.9736908674240112  
  3  3   -1.6487990617752075  -1.5218192338943481  -3.3163850307464600  -5.5315103530883789  -2.0961000919342041  -6.0211768150329590  -1.6857938766479492  -2.1429367065429688  -1.9535844326019287  
  4  3   -1.9982787370681763  -2.7398512363433838  -2.1478488445281982  -3.1255373954772949  -2.3613698482513428  -1.8412814140319824  -2.4996354579925537  -3.8212678432464600  -2.4287285804748535  
  4  4   -3.4701380729675293  -3.7044889926910400  -2.4076583385467529  -7.8635463714599609  -1.8577284812927246  -1.0611028671264648  -1.8842890262603760  -1.6076005697250366  -2.6116573810577393  
10  !enn_bo 1
  1  1    2.7681000232696533  
  1  2    2.0570189952850342  
  1  3    2.2658793926239014  
  1  4    1.6402975320816040  
  2  2   -2.2752006053924561  
  2  3    1.6006131172180176  
  2  4    1.7877298593521118  
  3  3    2.6392636299133301  
  4  3    2.2256126403808594  
  4  4    2.0570189952850342  
